Filename	MSE	PSNR(dB)	SSIM		Avg_%_Mod
yes_yes_Y100	0.0098	20.11		0.7369		7.27
yes_yes_Y101	0.0079	21.04		0.7213		6.66
yes_yes_Y102	0.0073	21.34		0.8124		6.31
yes_yes_Y103	0.0053	22.74		0.9021		5.61
yes_yes_Y104	0.0061	22.15		0.7414		5.91
yes_yes_Y105	0.0038	24.25		0.7102		4.28
yes_yes_Y106	0.0069	21.61		0.7770		6.28
yes_yes_Y107	0.0045	23.49		0.6994		4.65
yes_yes_Y108	0.0048	23.18		0.6544		4.62
yes_yes_Y109	0.0084	20.78		0.7985		6.81
yes_yes_Y10	0.0045	23.49		0.8478		4.87
yes_yes_Y111	0.0046	23.38		0.7888		5.34
yes_yes_Y112	0.0070	21.55		0.8432		6.25
yes_yes_Y113	0.0052	22.88		0.8622		5.32
yes_yes_Y114	0.0049	23.09		0.6504		4.87
yes_yes_Y115	0.0046	23.35		0.7750		4.90
yes_yes_Y116	0.0078	21.06		0.6930		6.37
yes_yes_Y117	0.0050	23.00		0.7167		5.24
yes_yes_Y11	0.0099	20.05		0.7451		7.73
yes_yes_Y120	0.0109	19.61		0.7712		8.33
yes_yes_Y12	0.0071	21.52		0.7870		6.62
yes_yes_Y13	0.0045	23.47		0.7420		5.05
yes_yes_Y146	0.0072	21.44		0.8457		6.32
yes_yes_Y147	0.0090	20.44		0.8114		7.52
yes_yes_Y148	0.0100	20.01		0.7468		7.82
yes_yes_Y14	0.0044	23.58		0.8470		4.87
yes_yes_Y153	0.0039	24.10		0.7020		4.46
yes_yes_Y154	0.0067	21.76		0.7784		6.26
yes_yes_Y155	0.0068	21.69		0.7172		6.31
yes_yes_Y156	0.0080	20.99		0.7466		6.98
yes_yes_Y157	0.0087	20.59		0.8311		7.07
yes_yes_Y158	0.0070	21.55		0.8071		6.36
yes_yes_Y159	0.0100	19.98		0.8466		7.45
yes_yes_Y15	0.0103	19.87		0.8302		7.78
yes_yes_Y160	0.0144	18.40		0.6821		9.28
yes_yes_Y161	0.0083	20.82		0.7531		6.85
yes_yes_Y162	0.0048	23.18		0.6544		4.62
yes_yes_Y163	0.0062	22.05		0.8010		5.76
yes_yes_Y164	0.0089	20.52		0.7385		7.34
yes_yes_Y165	0.0146	18.37		0.7252		9.52
yes_yes_Y166	0.0037	24.36		0.7199		4.45
yes_yes_Y167	0.0107	19.70		0.8205		7.78
yes_yes_Y168	0.0067	21.73		0.6821		5.82
yes_yes_Y169	0.0045	23.47		0.7420		5.05
yes_yes_Y16	0.0045	23.43		0.8551		4.77
yes_yes_Y170	0.0133	18.76		0.6678		9.17
yes_yes_Y17	0.0044	23.58		0.8470		4.87
yes_yes_Y180	0.0048	23.22		0.8771		5.46
yes_yes_Y181	0.0103	19.87		0.8302		7.78
yes_yes_Y182	0.0099	20.06		0.8066		7.39
yes_yes_Y183	0.0106	19.75		0.7856		7.97
yes_yes_Y184	0.0083	20.79		0.7759		7.07
yes_yes_Y185	0.0034	24.64		0.7759		4.39
yes_yes_Y186	0.0077	21.15		0.7242		6.56
yes_yes_Y187	0.0089	20.48		0.7940		6.72
yes_yes_Y188	0.0184	17.35		0.6747		9.50
yes_yes_Y18	0.0075	21.23		0.6945		6.65
yes_yes_Y192	0.0135	18.69		0.6990		9.10
yes_yes_Y193	0.0116	19.37		0.7833		7.96
yes_yes_Y194	0.0143	18.45		0.6586		9.24
yes_yes_Y195	0.0126	18.98		0.7213		9.06
yes_yes_Y19	0.0136	18.67		0.7570		9.09
yes_yes_Y1	0.0100	19.99		0.7171		7.59
yes_yes_Y20	0.0111	19.54		0.6566		7.95
yes_yes_Y21	0.0083	20.82		0.6820		6.72
yes_yes_Y22	0.0063	22.00		0.8108		5.84
yes_yes_Y23	0.0112	19.53		0.6820		8.28
yes_yes_Y242	0.0151	18.22		0.7227		9.96
yes_yes_Y243	0.0134	18.73		0.7728		9.05
yes_yes_Y244	0.0096	20.19		0.6757		7.15
yes_yes_Y245	0.0105	19.79		0.6087		7.46
yes_yes_Y246	0.0135	18.68		0.6434		9.14
yes_yes_Y247	0.0115	19.41		0.7160		8.09
yes_yes_Y248	0.0111	19.55		0.5577		7.61
yes_yes_Y249	0.0066	21.80		0.7433		5.91
yes_yes_Y24	0.0124	19.06		0.7766		7.91
yes_yes_Y250	0.0088	20.54		0.7726		6.98
yes_yes_Y251	0.0141	18.52		0.6978		8.98
yes_yes_Y252	0.0179	17.46		0.6109		9.93
yes_yes_Y253	0.0155	18.09		0.6921		9.77
yes_yes_Y254	0.0099	20.03		0.7761		8.10
yes_yes_Y255	0.0096	20.19		0.7040		7.58
yes_yes_Y256	0.0099	20.03		0.6697		7.68
yes_yes_Y257	0.0135	18.71		0.7513		8.55
yes_yes_Y258	0.0124	19.08		0.6812		8.73
yes_yes_Y259	0.0091	20.39		0.6220		7.26
yes_yes_Y25	0.0050	23.04		0.7179		5.29
yes_yes_Y26	0.0103	19.85		0.7280		7.85
yes_yes_Y27	0.0041	23.86		0.9115		4.59
yes_yes_Y28	0.0079	21.02		0.6205		5.91
yes_yes_Y29	0.0039	24.09		0.6607		3.97
yes_yes_Y2	0.0091	20.41		0.6467		7.10
yes_yes_Y30	0.0101	19.95		0.7002		7.81
yes_yes_Y31	0.0084	20.73		0.6736		7.05
yes_yes_Y32	0.0155	18.11		0.7045		9.76
yes_yes_Y33	0.0045	23.49		0.6994		4.65
yes_yes_Y34	0.0103	19.87		0.8302		7.78
yes_yes_Y35	0.0089	20.53		0.8408		6.04
yes_yes_Y36	0.0058	22.33		0.7418		5.65
yes_yes_Y37	0.0045	23.49		0.8478		4.87
yes_yes_Y38	0.0101	19.95		0.7002		7.81
yes_yes_Y39	0.0112	19.50		0.7211		8.38
yes_yes_Y3	0.0106	19.74		0.6887		7.50
yes_yes_Y40	0.0070	21.58		0.8454		6.55
yes_yes_Y41	0.0072	21.44		0.7804		6.44
yes_yes_Y42	0.0105	19.81		0.6801		7.94
yes_yes_Y44	0.0099	20.06		0.7023		7.97
yes_yes_Y45	0.0092	20.37		0.8115		7.19
yes_yes_Y46	0.0067	21.77		0.8800		5.83
yes_yes_Y47	0.0056	22.53		0.8174		5.83
yes_yes_Y49	0.0070	21.56		0.8002		6.09
yes_yes_Y4	0.0088	20.56		0.6269		6.69
yes_yes_Y50	0.0127	18.97		0.6907		8.51
yes_yes_Y51	0.0104	19.85		0.8264		8.15
yes_yes_Y52	0.0101	19.96		0.7074		7.71
yes_yes_Y53	0.0095	20.24		0.6600		7.34
yes_yes_Y54	0.0101	19.95		0.7002		7.81
yes_yes_Y55	0.0053	22.73		0.6930		5.29
yes_yes_Y56	0.0060	22.24		0.8293		5.47
yes_yes_Y58	0.0059	22.33		0.8451		5.51
yes_yes_Y59	0.0047	23.30		0.8623		5.06
yes_yes_Y60	0.0081	20.89		0.7378		7.03
yes_yes_Y61	0.0075	21.25		0.7299		6.55
yes_yes_Y62	0.0084	20.73		0.6736		7.05
yes_yes_Y65	0.0066	21.83		0.7475		6.00
yes_yes_Y66	0.0061	22.13		0.7112		5.61
yes_yes_Y67	0.0098	20.07		0.6115		6.40
yes_yes_Y69	0.0050	23.04		0.7179		5.29
yes_yes_Y6	0.0101	19.96		0.7033		7.73
yes_yes_Y70	0.0101	19.95		0.7002		7.81
yes_yes_Y71	0.0078	21.05		0.7400		6.62
yes_yes_Y73	0.0058	22.36		0.7085		5.70
yes_yes_Y74	0.0053	22.73		0.6930		5.29
yes_yes_Y75	0.0060	22.24		0.7806		6.05
yes_yes_Y76	0.0055	22.63		0.6973		5.52
yes_yes_Y77	0.0088	20.58		0.6653		6.76
yes_yes_Y78	0.0092	20.37		0.6584		6.98
yes_yes_Y79	0.0067	21.76		0.7784		6.26
yes_yes_Y7	0.0130	18.85		0.7103		8.77
yes_yes_Y81	0.0083	20.79		0.7703		7.16
yes_yes_Y82	0.0059	22.28		0.7984		5.75
yes_yes_Y85	0.0038	24.19		0.8563		4.75
yes_yes_Y86	0.0116	19.37		0.7623		8.11
yes_yes_Y89	0.0093	20.33		0.8300		7.50
yes_yes_Y8	0.0089	20.52		0.8411		6.03
yes_yes_Y90	0.0051	22.94		0.6193		4.69
yes_yes_Y91	0.0084	20.78		0.7378		6.55
yes_yes_Y92	0.0111	19.53		0.6566		7.96
yes_yes_Y95	0.0098	20.08		0.6194		6.93
yes_yes_Y96	0.0139	18.58		0.6967		8.89
yes_yes_Y97	0.0104	19.82		0.8147		8.01
yes_yes_Y98	0.0078	21.06		0.6791		6.70
yes_yes_Y99	0.0110	19.58		0.7666		7.75
yes_yes_Y9	0.0070	21.56		0.6525		6.04
no_no_1 no	0.0095	20.21		0.6325		6.59
no_no_10 no	0.0168	17.73		0.6340		10.42
no_no_11 no	0.0085	20.69		0.5193		5.31
no_no_12 no	0.0044	23.59		0.5800		4.19
no_no_13 no	0.0072	21.43		0.5733		5.52
no_no_14 no	0.0088	20.57		0.7039		6.54
no_no_15 no	0.0055	22.63		0.7447		5.57
no_no_17 no	0.0131	18.84		0.7051		8.64
no_no_18 no	0.0107	19.71		0.5976		7.09
no_no_19 no	0.0056	22.53		0.6652		5.01
no_no_2 no	0.0072	21.44		0.7250		6.47
no_no_20 no	0.0057	22.45		0.7392		5.61
no_no_21 no	0.0058	22.38		0.7914		5.25
no_no_22 no	0.0062	22.10		0.6679		5.59
no_no_23 no	0.0072	21.41		0.7491		6.47
no_no_24 no	0.0090	20.47		0.7033		7.05
no_no_25 no	0.0046	23.40		0.6859		4.67
no_no_26 no	0.0120	19.20		0.7581		8.60
no_no_27 no	0.0131	18.84		0.7051		8.64
no_no_28 no	0.0136	18.66		0.8006		9.00
no_no_29 no	0.0090	20.43		0.7460		7.70
no_no_3 no	0.0109	19.63		0.7144		7.52
no_no_30 no	0.0071	21.49		0.7087		6.55
no_no_31 no	0.0113	19.46		0.7208		8.59
no_no_32 no	0.0047	23.23		0.5795		4.32
no_no_33 no	0.0113	19.46		0.6518		7.93
no_no_34 no	0.0151	18.21		0.7407		10.21
no_no_35 no	0.0071	21.51		0.6401		5.57
no_no_36 no	0.0086	20.66		0.7201		6.25
no_no_37 no	0.0083	20.79		0.5995		5.51
no_no_38 no	0.0098	20.08		0.7302		6.98
no_no_39 no	0.0034	24.71		0.8901		3.73
no_no_4 no	0.0082	20.86		0.7191		6.56
no_no_40 no	0.0093	20.31		0.6864		6.64
no_no_41 no	0.0093	20.31		0.6864		6.64
no_no_42 no	0.0072	21.43		0.5733		5.52
no_no_43 no	0.0028	25.48		0.6189		3.66
no_no_44no	0.0051	22.88		0.8795		5.06
no_no_45 no	0.0052	22.83		0.6452		4.84
no_no_46 no	0.0047	23.28		0.6077		4.60
no_no_47 no	0.0067	21.71		0.7277		5.96
no_no_48 no	0.0080	20.99		0.6558		6.25
no_no_49 no	0.0089	20.50		0.6389		6.40
no_no_5 no	0.0093	20.33		0.5941		6.71
no_no_50 no	0.0144	18.41		0.5994		9.10
no_no_6 no	0.0071	21.47		0.6419		5.52
no_no_7 no	0.0161	17.93		0.6029		9.53
no_no_8 no	0.0098	20.08		0.7302		6.98
no_no_9 no	0.0168	17.73		0.6340		10.42
no_no_N11	0.0143	18.43		0.6860		8.64
no_no_N15	0.0057	22.45		0.6453		5.27
no_no_N16	0.0084	20.74		0.8148		6.64
no_no_N17	0.0086	20.65		0.8305		6.78
no_no_N19	0.0092	20.35		0.8342		6.68
no_no_N1	0.0037	24.36		0.6779		4.42
no_no_N20	0.0138	18.61		0.7949		8.86
no_no_N21	0.0062	22.07		0.7126		5.69
no_no_N22	0.0140	18.55		0.6618		8.32
no_no_N26	0.0034	24.65		0.7128		4.17
no_no_N2	0.0073	21.38		0.7161		6.65
no_no_N3	0.0089	20.51		0.7360		6.63
no_no_N5	0.0082	20.86		0.7191		6.56
no_no_N6	0.0089	20.49		0.7316		7.16
no_no_no 100	0.0085	20.73		0.6442		6.74
no_no_no 10	0.0034	24.66		0.6509		3.89
no_no_no 1	0.0089	20.50		0.6389		6.40
no_no_no 2	0.0050	23.02		0.5822		4.39
no_no_no 3	0.0074	21.32		0.8276		5.78
no_no_no 4	0.0089	20.51		0.7360		6.63
no_no_no 5	0.0099	20.06		0.6283		7.26
no_no_no 6	0.0076	21.17		0.8115		6.46
no_no_no 7	0.0037	24.26		0.8927		3.93
no_no_no 89	0.0089	20.50		0.7128		6.74
no_no_no 8	0.0071	21.47		0.5759		5.48
no_no_no 90	0.0035	24.54		0.5924		3.81
no_no_no 91	0.0102	19.93		0.7763		7.26
no_no_no 923	0.0061	22.18		0.8490		5.34
no_no_no 92	0.0090	20.43		0.7797		7.60
no_no_no 94	0.0095	20.21		0.6325		6.59
no_no_no 95	0.0077	21.14		0.6735		6.55
no_no_no 96	0.0087	20.59		0.7961		7.35
no_no_no 97	0.0051	22.97		0.8960		4.75
no_no_no 98	0.0125	19.02		0.5963		7.00
no_no_no 99	0.0101	19.95		0.6132		7.55
no_no_no 9	0.0018	27.40		0.5233		2.52
no_no_No11	0.0037	24.26		0.8927		3.93
no_no_No12	0.0120	19.20		0.7137		8.26
no_no_No13	0.0061	22.17		0.8580		5.16
no_no_No14	0.0068	21.69		0.6401		5.71
no_no_No15	0.0089	20.51		0.8400		6.65
no_no_No16	0.0054	22.65		0.8746		4.15
no_no_No17	0.0089	20.51		0.8400		6.65
no_no_No18	0.0087	20.62		0.8028		6.78
no_no_No19	0.0097	20.14		0.8284		7.39
no_no_No20	0.0097	20.12		0.6917		7.62
no_no_No21	0.0040	24.00		0.8886		4.04
no_no_No22	0.0110	19.60		0.7559		7.40
no_no_no	0.0055	22.58		0.8956		4.92
